20 11
7 5 12 9 2 16 18 3 15 6 10 17 13 14 11 1 19 4 20 8 
11 8 12 4 10 15 18 13 7 2 20 17 19 5 16 14 1 3 6 9 
18 1 12 2 6 8 10 17 20 5 16 15 11 4 19 13 7 3 9 14 
9 5 3 20 11 10 17 1 16 8 18 14 15 13 4 12 7 6 2 19 
4 8 6 12 1 17 15 20 5 10 14 7 18 11 13 16 19 3 9 2 
15 13 18 1 14 9 8 4 20 6 5 11 2 10 16 17 3 19 12 7 
17 2 13 18 3 8 10 19 14 1 15 7 20 4 12 9 16 11 6 5 
11 15 12 6 13 1 4 20 7 2 8 9 10 14 16 17 3 5 19 18 
17 5 20 9 14 1 8 16 13 7 6 2 11 12 18 10 19 15 3 4 
15 7 13 16 6 5 8 9 3 2 4 20 17 18 1 12 19 10 11 14 
18 12 6 9 17 3 16 19 13 10 8 14 15 2 5 11 4 7 20 1 
